OSF_E122	Samish_R_Mills_Cr	Samish_R_Mills_Cr
