17AUG22_UN_RAPR_10	Marsh_Mud_Lake	Mink_Lk
